# quant_error: calculate the quantize errors.
#              entire: errors between 'golden' and 'simulator'.
#              per_layer: compare to 'entire', the input of each layer is come from 'golden'

layer_name     quant_error          
           entire    per_layer      
------------------------------------
images     1.000000  1.000000       
467        1.000000  1.000000       
472        1.000000  1.000000       
477        1.000000  1.000000       
482        1.000000  1.000000       
487        1.000000  1.000000       
492        1.000000  1.000000       
497        1.000000  1.000000       
502        1.000000  1.000000       
503        1.000000  1.000000       
877        1.000000  1.000000       
506        0.999996  0.999996       
507        0.999999  1.000000       
880        0.896379  0.896359       
510        0.998561  0.999992       
511        0.900585  1.000000       
883        0.935060  1.000000       
514        0.997861  0.999986       
515        0.984234  0.999545       
886        0.915801  1.000000       
518        0.996385  0.999992       
519        0.931578  1.000000       
889        0.970187  0.996159       
522        0.995212  0.999990       
523        0.975796  0.999725       
892        0.981928  0.998670       
526        0.995949  0.999992       
527        0.984888  0.999386       
528        0.988779  0.999335       
529        0.968865  0.999604       
895        0.955836  0.991890       
532        0.992189  0.999989       
533        0.961181  0.994042       
898        0.971673  0.999354       
536        0.994812  0.999984       
537        0.963788  0.998953       
901        0.977360  0.999560       
540        0.998969  0.999984       
541        0.984736  0.999632       
904        0.953091  0.998980       
544        0.994849  0.999986       
545        0.963076  0.999635       
907        0.961547  0.999132       
548        0.995107  0.999985       
549        0.964245  0.998344       
910        0.976587  0.999485       
552        0.997785  0.999977       
553        0.975348  0.999572       
554        0.982489  0.999658       
913        0.968098  0.999596       
557        0.993495  0.999980       
558        0.960162  0.999528       
916        0.974128  0.999495       
561        0.996832  0.999982       
562        0.972553  0.999389       
563        0.981695  0.999553       
919        0.971011  0.999530       
566        0.993505  0.999978       
567        0.955537  0.999505       
922        0.966548  0.999456       
570        0.995228  0.999983       
571        0.963764  0.999387       
572        0.979955  0.999695       
573        0.974942  0.999823       
925        0.971514  0.999633       
576        0.994166  0.999978       
577        0.958274  0.999346       
928        0.970619  0.999627       
580        0.993423  0.999977       
581        0.950335  0.999218       
931        0.978056  0.999504       
584        0.998502  0.999977       
585        0.965174  0.999231       
934        0.947288  0.999321       
588        0.990696  0.999984       
589        0.942880  0.999120       
937        0.962771  0.999608       
592        0.994169  0.999981       
593        0.957941  0.999383       
940        0.974548  0.999536       
596        0.996462  0.999973       
597        0.958678  0.999265       
598        0.964189  0.999360       
943        0.963137  0.999604       
601        0.992970  0.999977       
602        0.947421  0.999228       
946        0.965468  0.999596       
605        0.995000  0.999976       
606        0.952145  0.999443       
607        0.956157  0.999340       
949        0.965743  0.999661       
610        0.992558  0.999976       
611        0.945976  0.999151       
952        0.953473  0.999406       
614        0.993563  0.999982       
615        0.951778  0.999557       
616        0.953043  0.999291       
617        0.948121  0.999550       
955        0.966466  0.999585       
620        0.991115  0.999976       
621        0.940603  0.999327       
958        0.959475  0.999613       
624        0.993513  0.999979       
625        0.954795  0.999595       
961        0.970114  0.999717       
628        0.996758  0.999986       
629        0.972387  0.999851       
630        0.984274  0.999976       
631        0.987184  0.999984       
632        0.988814  0.999988       
633        0.986406  0.999980       
964        0.966326  0.999012       
636        0.990842  0.999979       
637        0.946384  0.999787       
967        0.958531  0.999539       
640        0.990445  0.999977       
641        0.942491  0.999667       
970        0.952037  0.999475       
644        0.987560  0.999976       
645        0.925073  0.999487       
973        0.949461  0.999624       
648        0.992020  0.999979       
649        0.943985  0.999522       
976        0.957223  0.999594       
652        0.992129  0.999975       
653        0.942569  0.999371       
654        0.932902  0.999578       
979        0.945205  0.999293       
657        0.991473  0.999978       
658        0.934400  0.999457       
982        0.944666  0.999490       
661        0.992532  0.999978       
662        0.938932  0.999443       
667        0.938367  0.999141       
668        0.938690  0.999429       
985        0.952693  0.999496       
671        0.993520  0.999977       
672        0.941697  0.999568       
988        0.946007  0.999385       
675        0.993356  0.999978       
676        0.934632  0.999148       
991        0.950987  0.999645       
679        0.993208  0.999978       
680        0.943650  0.999618       
994        0.948630  0.999644       
683        0.993612  0.999977       
684        0.939717  0.999085       
685        0.937074  0.999274       
997        0.940062  0.999262       
688        0.992332  0.999977       
689        0.930190  0.999336       
1000       0.949956  0.999584       
692        0.995301  0.999979       
693        0.954001  0.999345       
698        0.953223  0.998741       
699        0.955554  0.999425       
1003       0.970417  0.999521       
702        0.996375  0.999980       
703        0.968966  0.999696       
1006       0.956205  0.999185       
706        0.997197  0.999979       
707        0.957538  0.999556       
1009       0.968227  0.999710       
710        0.995844  0.999981       
711        0.973320  0.999815       
1012       0.959900  0.999671       
714        0.993956  0.999975       
715        0.947295  0.999589       
716        0.952325  0.999733       
1015       0.955244  0.999466       
719        0.995617  0.999976       
720        0.947597  0.998653       
1018       0.945957  0.999445       
723        0.992388  0.999975       
724        0.928837  0.999258       
725        0.942257  0.999465       
1021       0.943905  0.999465       
728        0.992530  0.999978       
729        0.941771  0.999526       
1024       0.927994  0.999097       
732        0.993869  0.999977       
733        0.922756  0.998592       
1027       0.951806  0.999603       
736        0.992781  0.999978       
737        0.944169  0.999397       
1030       0.945360  0.999535       
740        0.991023  0.999978       
741        0.930125  0.999157       
742        0.927123  0.999058       
1033       0.932834  0.999080       
745        0.990477  0.999977       
746        0.922321  0.999239       
1036       0.940073  0.999612       
749        0.992255  0.999978       
750        0.935060  0.999475       
751        0.936804  0.999619       
1039       0.955209  0.999401       
754        0.992618  0.999979       
755        0.948076  0.999583       
1042       0.947151  0.999411       
758        0.993865  0.999978       
759        0.941454  0.999092       
1045       0.954450  0.999657       
762        0.992175  0.999979       
763        0.942705  0.999599       
1048       0.959219  0.999670       
766        0.992409  0.999981       
767        0.951448  0.999550       
768        0.948038  0.999515       
1051       0.955197  0.999401       
771        0.992514  0.999979       
772        0.951071  0.999586       
1054       0.945160  0.998925       
775        0.993871  0.999975       
776        0.936210  0.999191       
1057       0.934504  0.999482       
779        0.991043  0.999978       
780        0.921142  0.999360       
1060       0.936595  0.999141       
783        0.986883  0.999991       
784        0.943065  0.999051       
785        0.990062  0.999397       
1063       0.948716  0.998347       
788        0.988899  0.999979       
789        0.937973  0.998279       
1066       0.949357  0.998674       
792        0.992618  0.999986       
793        0.954539  0.999540       
794        0.986766  0.999938       
795        0.993438  0.993435       
796        nan       nan            
797        0.858177  0.996314       
798        0.985990  0.999965       
1069       0.936900  0.999256       
801        0.992112  0.999977       
802        0.932394  0.999145       
1072       0.905749  0.999346       
805        0.986015  0.999977       
806        0.884140  0.999277       
1075       0.903904  0.999366       
809        0.979746  0.999993       
810        0.924302  0.999531       
811        0.966628  0.994711       
1078       0.950479  0.998929       
814        0.989548  0.999979       
815        0.942027  0.997792       
1081       0.950542  0.998597       
818        0.992894  0.999985       
819        0.950623  0.998940       
820        0.991185  0.999881       
821        0.994094  1.000000       
822        0.431886  nan            
823        0.798394  0.998678       
824        0.989039  0.999978       
1084       0.957951  0.999586       
827        0.992600  0.999978       
828        0.957472  0.999601       
1087       0.942151  0.999712       
831        0.989615  0.999979       
832        0.928728  0.999632       
1090       0.923757  0.998622       
835        0.982914  0.999991       
836        0.936032  0.998693       
837        0.977031  1.000000       
1093       0.973457  0.999722       
840        0.994107  0.999980       
841        0.975220  0.999671       
1096       0.969833  0.999260       
844        0.994737  0.999983       
845        0.969964  0.999663       
846        0.995358  0.999957       
847        0.994019  1.000000       
848        0.957053  0.999676       
849        0.887667  0.998833       
850        0.994010  0.999979       
858        0.985990  0.999965       
866        0.989039  0.999978       
874        0.994010  0.999979       
875        0.987294  0.999969       
output     0.987294  0.999969       
