~~~~~~~~~~~~~~~~~~~~~~~~~+
[[[ 1.4277344   0.65234375  1.296875    0.5756836   0.00302124
    0.00302124  0.02258301  0.01046753  0.0161438   0.10070801
    0.15441895  0.06768799]
  [ 2.1523438   0.6040039   2.0234375   0.39526367  0.00302124
    0.00302124  0.02481079  0.00537109  0.01879883  0.14477539
    0.1739502   0.0703125 ]
  [ 2.015625    0.67089844  2.21875     0.41357422  0.00302124
    0.00302124  0.01522827  0.00689697  0.01156616  0.13696289
    0.17102051  0.04071045]
  [ 1.21875     0.79052734  2.3261719   0.30029297  0.00302124
    0.00302124  0.00860596  0.01141357  0.0057373   0.07421875
    0.10705566  0.04281616]
  [ 0.6870117   0.8359375   2.3027344   0.25024414  0.00302124
    0.00302124  0.00354004  0.01062012  0.00338745  0.05032349
    0.09313965  0.05697632]
  [-0.01036835  0.828125    2.7050781   0.26953125  0.00302124
    0.00302124  0.00302124  0.00689697  0.00302124  0.04614258
    0.12524414  0.04949951]
  [-0.19909668  0.77978516  2.8046875   0.31079102  0.00302124
    0.00302124  0.00491333  0.00564575  0.00302124  0.05270386
    0.16430664  0.03289795]
  [-0.39770508  0.69189453  2.9277344   0.36743164  0.00302124
    0.00302124  0.01168823  0.01119995  0.0062561   0.06045532
    0.1977539   0.02667236]
  [ 1.2861328   0.58154297  1.8154297   0.26538086  0.00302124
    0.01013184  0.01507568  0.02615356  0.01483154  0.05804443
    0.16430664  0.03344727]
  [ 1.1054688   0.60839844  1.28125     0.21862793  0.00302124
    0.07519531  0.01361084  0.02636719  0.01348877  0.02645874
    0.10107422  0.02111816]]]
~~~~~~~~~~~~~~~~~~~~~~~~~
