~~~~~~~~~~~~~~~~~~~~~~~~~+
[[[2.2402344  1.6230469  1.4433594  1.1630859  0.00302124 0.05422974
   0.32788086 0.02706909 0.01699829 0.00302124 0.00634766 0.00302124]
  [1.8994141  1.5078125  1.7392578  1.0634766  0.00302124 0.04489136
   0.34936523 0.01296997 0.01864624 0.00302124 0.0067749  0.00302124]
  [1.8730469  1.3496094  2.0664062  1.0205078  0.00302124 0.08184814
   0.27490234 0.00942993 0.03445435 0.00567627 0.01382446 0.00302124]
  [1.4853516  1.3417969  2.3085938  0.9379883  0.00302124 0.12005615
   0.1730957  0.01016235 0.03335571 0.01281738 0.02456665 0.00302124]
  [1.2490234  1.3525391  2.4648438  0.98046875 0.00302124 0.15917969
   0.12194824 0.00842285 0.02658081 0.01589966 0.02011108 0.00302124]
  [1.1386719  1.4140625  2.5410156  1.03125    0.00302124 0.18725586
   0.09985352 0.00650024 0.03015137 0.01712036 0.01525879 0.00302124]
  [0.9135742  1.4287109  2.6679688  1.0292969  0.00302124 0.22680664
   0.07067871 0.00543213 0.03244019 0.019104   0.01559448 0.00302124]
  [0.5830078  1.4130859  2.7792969  1.0019531  0.00302124 0.2536621
   0.05474854 0.00521851 0.02972412 0.02069092 0.02017212 0.00302124]
  [0.45141602 1.3720703  2.8632812  0.96875    0.00302124 0.2548828
   0.04727173 0.00509644 0.02761841 0.02227783 0.02392578 0.00302124]
  [0.4897461  1.3447266  2.8222656  0.93896484 0.00302124 0.24047852
   0.04745483 0.00509644 0.02926636 0.02392578 0.02740479 0.00302124]]]
~~~~~~~~~~~~~~~~~~~~~~~~~
